2566.36524517
2653.7980445
2667.41292517
2683.15808016
2761.0019514
2773.67347675
2814.48133517
2839.10829599
2894.14157423
2928.52426517
2943.90769268
3004.09811229
3059.56475517
3074.24570805
3169.66607056
3172.64881517
3190.39059773
3243.5775256
3273.69649517
3332.43984042
3401.75507517
3500.82348517
3599.89189517
3671.37228861
3727.09291689
3727.95047517
3883.42496361
3891.01380517
3908.26972291
3922.96836022
3959.8047262
3978.67671602
3992.06148517
4002.11260497
4028.07271517
4028.26731491
4079.48193882
4107.08842517
4129.12039517
4174.66732151
4200.14026288
4220.17248517
4249.43182358
4257.21535517
4259.58758432
4276.24637918
4303.28939632
4307.20451517
4314.23681517
4325.54631197
4329.84438626
4338.52809062
4401.26884517
4436.24710517
4461.71159784
4502.31652517
4525.22568733
4551.27404517
4585.18431781
4650.34245517
4658.41763517
4659.72866923
4706.64123726
4763.42651517
4771.50169517
4783.84444479
4828.52315517
4861.94870546
4878.45345517
4959.56364517
4979.50113517
4991.42172538
5033.62138602
5042.45899247
5101.11102861
5101.81601243
5110.54162517
5115.66475517
5141.83839189
5197.57365517
5216.71243517
5296.64206517
5313.41668962
5353.77134517
5394.87874446
5509.52352195
5516.83467517
5564.59892543
5590.1839358
5626.6614329
5627.11766118
5645.87726517
5708.98892403
5773.93584517
5788.51192658
5874.52372884
5874.98352517
