1854.32808662
1925.36519662
2053.46015662
2181.51873662
2328.58714662
2441.67120662
2542.71888662
2639.77164662
2710.80875662
2839.85134662
2970.89183662
3069.96024662
3207.01915662
3338.05964662
3395.08110662
3542.14951662
3643.19719662
3744.24487662
3907.30820662
3964.32966662
4061.38242662
4148.41445662
4285.47336662
4448.53669662
4634.61600662
4765.65649662
4894.69908662
5022.75766662
5119.81042662
5190.84753662
5305.87447662
5404.94288662
5505.99056662
5634.04914662
5748.09207662
5934.17138662
6065.21187662
6251.29118662
6380.33377662
6481.38145662
6609.44003662
6724.46697662
6871.53538662
7000.57797662
7057.59943662
7185.65801662
7322.71692662
7450.77550662
7636.85481662
7750.89774662
7863.98180662
7977.06586662
8105.12444662
8261.22555662
8392.26604662
8555.32937662
8652.38213662
8838.46144662
8967.50403662
9095.59899662
9226.63948662
9323.69224662
9420.74500662
9549.78759662
9652.79678662
9765.88084662
9864.94925662
9921.97071662
10035.0547766
10136.1024566
10265.1450466
10412.2134566
10515.2226466
10628.3067066
10743.3336466
10844.3813266
10931.4133566
11044.4974166
11101.5188766
11200.5872866
11257.6087466
11420.6720766
11576.7731866
11704.8317666
11803.9001766
11932.9427666
12061.0013466
12208.0697566
12337.1123466
12493.2134566
12580.2454866
12667.2775166
12781.3204466
12878.3732066
13064.4525166
13177.5365766
13308.5770666
13421.6611266
13534.7451866
13605.7822966
