17495.0186589
3435.07282446
3534.14123446
3572.13173446
3671.20014446
3720.22054446
3774.20933446
3833.30460446
3905.24982446
3948.33154446
4033.34478446
4085.39045446
4162.38737446
4188.39964446
4261.45578446
4275.43167446
4374.50008446
4424.51911446
4471.55284446
4523.58752446
4572.60052446
4622.65593446
4709.65943446
4750.71451446
4847.76727446
4856.72784446
4978.80776446
5012.82895446
5065.83979446
5122.86125446
5140.88753446
5255.91447446
5278.96236446
5402.98288446
5407.02094446
5522.04788446
5550.05129446
5685.11121446
5713.11462446
5841.17320446
5848.17454446
5938.22596446
5979.21503446
6035.27872446
6138.28791446
6165.29434446
6293.38930446
6301.35124446
6390.44206446
6414.43530446
6503.52612446
6529.46224446
6602.59453446
6666.52115446
6753.55318446
6765.65786446
6893.71644446
6916.61651446
7006.80050446
7029.70057446
7100.73768446
7119.88456446
7220.93224446
7286.81699446
7320.00065446
7442.91810446
7467.06906446
7570.07825446
7571.96069446
7667.13101446
7703.00118446
7798.17150446
7840.06009446
7929.21199446
7943.06928446
8076.28040446
8106.13261446
8207.18029446
8262.35971446
8306.24870446
8399.41862446
8419.33276446
8513.46155446
8550.37325446
8644.50204446
8665.40019446
8722.42165446
8772.59700446
8829.61846446
8850.51661446
8944.64540446
8981.55710446
9075.68589446
9095.60003446
9188.76995446
9232.65894446
9287.83836446
9388.88604446
9418.73825446
9551.94937446
9565.80666446
9654.95856446
9696.84715446
9792.01747446
9827.88764446
9923.05796446
9924.94040446
10027.9495945
10052.1005545
10175.0180045
10208.2016645
10274.0864145
10375.1340945
10394.2809745
10465.3180845
10488.2181545
10578.4021445
10601.3022145
10729.3607945
10741.4654745
10828.4975045
10892.4241245
10965.5564145
10991.4925345
11080.5833545
11104.5765945
11193.6674145
11201.6293545
11329.7243145
11356.7307445
11459.7399345
11515.8036245
11556.7926945
11646.8441145
11653.8454545
11781.9040345
11809.9074445
11944.9673645
11972.9707745
12087.9977145
12092.0357745
12216.0562945
12239.1041845
12354.1311245
12372.1574045
12429.1788645
12482.1897045
12516.2108945
12638.2908145
12647.2513845
12744.3041445
12785.3592245
12872.3627245
12922.4181345
12971.4311345
13023.4658145
13070.4995445
13120.5185745
13219.5869845
13233.5628745
13306.6190145
13332.6312845
13409.6282045
13461.6738745
13546.6871145
13589.7688345
13661.7140545
13720.8093245
13774.7981145
13823.8185145
13922.8869245
13960.8774245
14059.9458345
