917
501 410
10 13
564 314
214 106
252 772
266 537
467 336
260 667
853 569
796 199
366 368
327 307
22 119
385 618
100 802
236 248
101 573
851 103
350 232
546 168
80 114
206 474
245 146
12 222
63 35
97 370
360 309
244 447
103 163
111 284
297 115
174 176
648 294
527 124
53 59
75 93
263 530
874 124
781 331
247 125
181 223
46 229
663 205
191 10
165 45
478 464
575 762
206 90
155 353
451 100
77 143
571 621
390 493
450 339
369 160
459 384
558 804
623 63
34 178
601 19
210 355
174 180
511 185
256 293
569 852
237 54
70 785
172 394
212 569
293 845
322 36
629 115
427 137
339 20
384 321
97 485
346 198
475 515
716 626
106 209
381 613
635 231
5 34
383 423
59 674
151 39
16 21
735 362
593 31
545 405
426 204
154 326
2 3
5 1
191 228
705 307
539 757
311 299
206 411
27 79
122 11
28 795
404 43
174 27
46 195
532 329
85 356
239 343
891 247
320 664
168 374
285 792
298 211
408 287
173 809
269 59
328 74
7 37
86 131
367 312
438 890
24 148
143 507
94 82
600 301
387 749
129 48
157 77
427 482
680 889
98 66
98 398
198 31
541 915
355 362
44 171
226 143
355 877
632 622
488 214
22 640
844 189
86 30
89 69
95 82
911 314
317 606
337 399
625 786
30 498
534 178
505 215
241 186
65 81
173 150
898 157
443 771
252 21
220 91
145 105
333 132
65 380
365 428
473 143
682 151
85 457
818 553
463 293
301 91
647 624
152 218
900 331
116 112
365 767
85 127
30 80
638 315
518 720
376 650
444 34
214 518
5 44
345 126
772 862
387 28
26 10
225 220
114 468
32 197
132 508
730 791
813 730
430 379
842 914
867 126
825 252
684 178
202 30
70 433
649 875
880 851
545 549
301 471
111 15
387 652
10 67
228 520
494 589
77 876
445 761
60 104
516 624
798 239
432 636
354 299
48 16
377 177
502 625
56 262
230 35
799 94
3 115
238 117
112 134
66 14
698 279
556 205
34 78
127 576
185 96
309 13
57 199
741 58
418 416
502 341
287 808
35 3
72 152
676 226
234 242
814 743
72 61
739 227
669 133
61 5
403 722
315 29
713 607
352 758
45 707
539 404
58 62
186 432
246 348
26 125
115 436
244 157
544 690
583 254
4 531
165 521
588 172
286 279
756 366
441 102
90 62
552 913
296 448
115 158
90 156
332 846
451 714
126 121
811 180
841 701
549 807
850 68
884 38
33 491
339 784
433 612
191 213
719 333
8 256
401 391
28 579
882 902
717 462
299 49
103 43
101 19
724 99
55 96
734 513
298 420
598 565
270 603
712 361
594 463
203 233
294 646
20 192
462 16
308 885
117 175
78 631
554 53
454 597
537 587
2 49
387 456
794 155
115 371
625 790
1 2
30 574
610 120
567 178
113 210
735 912
35 528
687 245
432 465
277 183
154 246
627 486
826 734
855 387
708 292
29 20
18 642
378 429
234 454
675 206
242 278
774 462
725 107
413 131
272 160
626 151
316 442
611 565
658 473
701 842
738 19
668 365
35 73
763 237
12 10
78 97
307 490
116 470
266 259
750 215
561 696
38 107
527 711
167 330
700 715
102 249
135 117
12 41
109 49
25 22
547 205
133 147
729 76
896 375
130 751
222 815
352 237
226 619
560 508
427 497
27 28
582 847
187 128
268 7
152 305
836 576
388 233
455 137
171 688
703 462
736 406
265 141
917 15
113 215
639 760
96 205
543 107
236 171
235 173
167 271
267 204
190 609
336 400
897 513
113 477
49 591
7 288
52 666
35 665
39 800
341 84
652 831
9 47
151 184
192 879
232 204
72 182
200 104
651 190
239 263
334 110
656 16
331 358
677 103
103 764
721 223
443 35
386 68
693 412
641 328
338 494
136 258
60 5
31 50
194 53
775 49
312 46
153 106
287 405
4 1
112 614
34 517
280 694
186 596
128 296
487 184
500 94
94 375
64 2
254 122
521 570
1 314
438 706
189 32
25 259
907 832
109 164
732 768
832 477
788 542
553 46
810 474
138 93
246 351
239 40
316 489
165 379
502 837
174 275
838 755
154 113
80 359
303 460
77 823
419 660
6 2
365 336
42 5
193 70
732 447
552 456
18 117
641 780
82 54
83 349
304 179
654 190
548 157
100 709
538 155
113 105
196 12
344 268
783 119
728 651
255 776
75 149
73 364
496 275
87 270
160 347
132 62
642 793
321 82
575 403
671 38
227 431
634 353
381 892
551 114
287 754
123 397
43 33
211 14
737 62
653 747
723 81
120 366
228 337
204 412
334 506
57 584
868 18
577 391
285 208
856 296
468 509
410 310
769 138
730 512
13 172
105 649
615 423
242 317
822 815
608 195
313 557
755 663
599 270
597 905
195 558
34 162
752 321
141 124
244 376
26 424
336 154
141 827
68 83
84 849
691 104
524 32
830 637
389 122
417 413
249 261
95 208
138 251
908 654
820 482
881 463
309 863
362 407
2 166
81 201
435 93
120 31
141 817
221 162
498 628
363 523
910 609
653 230
743 656
828 27
150 25
673 351
517 843
857 864
250 14
196 585
742 727
167 128
871 331
79 85
232 526
58 340
167 816
392 288
529 746
805 626
106 68
695 149
121 234
600 616
483 55
416 71
255 123
207 513
540 412
197 332
85 118
742 909
1 8
47 87
15 51
214 290
199 396
458 126
268 787
313 167
570 745
699 538
155 437
559 172
42 124
3 33
345 361
291 15
92 90
95 136
146 133
307 207
135 581
146 323
659 387
622 130
328 479
217 56
243 60
16 6
142 72
681 379
640 701
773 93
116 590
52 160
212 111
54 406
731 132
243 373
319 446
172 639
114 155
571 195
99 74
64 319
119 476
61 75
3 440
421 404
427 434
422 361
281 32
8 58
234 390
718 333
282 144
240 46
362 504
654 672
231 205
62 859
670 213
527 533
143 438
35 100
438 586
85 316
10 32
40 186
503 801
62 188
6 324
5 10
74 168
683 777
223 310
661 19
657 420
1 22
331 6
74 49
139 79
9 835
317 529
721 766
686 605
586 678
602 51
479 882
470 580
195 338
230 480
883 481
342 64
833 383
39 24
411 839
40 46
129 133
869 643
83 565
287 391
455 893
489 812
233 582
236 287
747 821
540 605
120 161
865 123
395 166
516 542
325 381
37 260
88 510
2 76
46 645
89 680
190 105
31 26
390 819
432 439
33 357
170 45
211 224
307 320
292 861
10 329
88 67
820 857
7 15
36 68
306 305
186 257
32 903
562 417
23 55
38 3
848 192
77 38
108 105
137 108
337 568
179 11
234 492
469 607
433 525
824 634
144 67
17 23
466 5
789 443
544 539
715 854
486 193
671 726
782 583
589 637
382 310
11 140
620 91
295 68
52 8
127 630
894 895
467 499
46 308
162 683
697 586
904 879
495 124
97 203
512 51
689 576
888 559
30 69
283 655
4 20
479 662
754 901
234 514
70 69
613 733
555 339
3 30
68 363
104 121
80 105
698 727
397 617
33 45
144 403
371 469
167 300
415 692
115 128
174 740
415 700
36 29
227 80
371 393
14 6
163 273
1 19
47 57
67 873
445 220
550 189
39 65
644 9
523 595
31 834
169 138
175 484
501 541
204 21
56 1
51 53
307 566
176 253
63 264
274 34
770 38
7 2
779 237
38 177
112 37
604 306
325 96
704 227
13 91
110 481
419 710
685 290
419 154
626 806
10 27
467 894
280 234
110 60
71 302
503 6
